416
277
852
417
723
319
865
395
46
737
192
759
599
610
243
811
630
150
522
428
349
205
261
379
935
2
481
813
462
406
691
655
700
573
634
944
278
290
733
378
179
591
215
578
467
606
353
333
112
876
140
978
207
324
869
512
812
87
827
575
994
322
308
162
446
58
519
24
956
206
104
954
53
342
873
433
327
649
728
229
715
260
991
209
116
874
505
742
540
402
826
61
103
704
948
581
399
245
817
15
109
466
736
435
35
166
95
597
262
167
836
143
197
749
513
592
793
444
618
92
769
767
419
670
659
939
228
357
774
100
293
108
531
73
550
699
807
758
730
677
745
985
604
432
665
993
554
612
332
14
297
923
901
555
195
89
440
741
549
241
272
130
732
871
275
890
389
352
624
208
850
318
248
125
779
739
671
786
680
484
97
10
998
607
637
346
675
905
81
584
814
222
574
719
133
390
202
692
953
418
343
541
439
695
506
780
615
633
454
796
5
781
534
240
253
566
187
696
937
538
412
274
211
183
729
545
376
472
227
393
889
317
244
564
883
122
72
620
69
147
843
249
683
523
366
940
768
754
67
344
984
326
974
872
425
735
224
188
68
60
372
464
877
375
911
855
355
20
483
258
866
415
834
210
777
726
727
83
158
328
400
942
219
234
957
405
21
770
370
673
844
526
765
38
468
952
701
496
33
824
958
654
910
857
568
959
562
491
697
145
748
832
979
493
216
746
374
448
569
806
841
287
674
805
705
257
698
722
334
392
785
547
842
198
204
396
943
252
456
718
458
351
79
364
265
294
85
239
329
887
115
679
102
903
242
305
386
787
398
702
6
175
26
302
892
999
794
40
798
78
686
906
899
193
711
270
878
965
443
552
74
510
987
709
117
539
829
429
895
306
961
762
617
693
155
909
348
408
862
928
356
632
778
495
893
932
653
825
797
203
967
960
867
880
966
17
225
989
431
570
438
791
588
970
299
563
951
503
96
132
931
789
795
149
27
282
708
990
747
28
585
532
271
486
19
567
801
50
501
753
608
325
784
917
337
152
614
478
600
8
359
165
856
309
449
463
864
118
461
494
295
76
658
713
740
515
586
263
423
413
543
782
925
536
75
151
809
603
625
180
18
164
363
264
908
688
703
706
185
420
583
186
259
553
886
678
938
799
690
596
220
268
436
482
48
64
196
13
489
362
56
808
766
474
601
360
724
643
414
881
298
694
345
63
936
77
891
47
340
442
689
383
401
707
919
36
303
250
783
516
663
230
846
387
490
236
49
980
590
430
107
37
154
314
283
452
361
127
500
641
648
576
773
238
3
888
771
160
42
311
200
163
131
533
582
214
831
124
99
577
182
315
720
656
835
142
70
434
858
424
492
43
820
254
589
336
946
31
565
830
973
646
517
619
475
330
135
996
971
681
800
964
9
941
605
652
595
189
640
65
579
621
394
426
44
380
950
409
437
469
335
460
635
304
907
84
212
529
247
542
528
148
750
7
949
39
551
4
111
365
743
788
629
153
255
882
313
284
524
54
307
822
129
642
403
561
870
66
546
556
218
645
479
760
156
369
710
924
945
921
744
975
453
668
123
141
684
609
246
995
178
913
368
714
455
201
828
51
12
853
339
422
350
815
920
558
933
172
310
421
537
16
410
176
847
761
622
997
755
666
91
922
900
331
757
518
725
106
508
851
775
833
144
459
969
651
669
594
521
98
371
292
358
25
983
11
511
114
128
840
845
177
682
470
802
316
947
382
986
752
968
544
288
837
23
300
499
623
838
638
626
480
764
93
321
520
988
560
266
113
445
859
776
441
930
897
502
963
918
447
138
915
660
571
174
821
221
504
792
934
875
273
34
373
168
650
687
88
457
712
52
354
914
631
488
191
427
181
731
810
296
628
507
756
863
137
173
126
716
559
170
384
388
803
772
45
22
251
557
194
286
119
171
613
818
972
819
839
62
291
199
86
169
159
477
598
121
55
184
1000
451
281
962
636
450
738
29
525
530
902
237
992
82
157
926
57
269
498
101
341
80
854
896
955
981
763
276
312
816
323
487
32
411
134
927
509
471
120
904
527
59
860
404
320
94
849
885
385
717
644
676
868
916
804
485
279
616
667
338
977
347
611
190
1
233
235
602
256
381
223
861
231
161
90
71
976
407
672
751
30
367
721
982
639
465
285
289
136
929
912
572
661
790
535
473
232
105
476
226
587
267
377
580
848
884
685
110
497
548
41
593
898
397
879
514
280
139
213
823
647
217
662
894
301
391
734
657
627
146
664
