176
1398
7073
782
1562
1553
9049
5882
7108
9090
7002
8256
344
130
3228
2929
5123
8512
2826
6505
4592
902
5301
8090
9368
9221
1049
5845
5176
7046
2681
1925
6684
4384
6621
545
1509
6710
5715
9748
4536
5327
4962
1412
2053
9552
991
2574
6198
173
8257
707
2569
7121
8471
4322
8120
4462
9339
9308
5918
7310
793
8301
9976
2303
587
2333
2325
9385
1217
1792
4609
578
7026
4534
3852
3012
1430
6201
9668
4484
2284
2411
673
5568
5293
6967
2555
4760
3523
4213
9214
1419
778
4137
8421
5439
787
2892
3588
8940
6258
6996
3976
9930
8787
2995
9909
2407
8210
6181
1635
6301
5191
2771
2823
5658
3174
2047
3265
906
3389
382
7065
8767
8511
4548
9510
1591
9539
873
3487
1133
2010
4007
1189
4062
5991
981
8413
5238
6222
9530
6971
9140
4804
7362
4935
9864
5067
61
9247
3492
7228
5946
4999
917
6533
2348
3063
6280
3035
8609
3044
6445
1998
9571
6512
5268
8337
5644
4637
5270
7903
4685
3152
7616
5348
3626
3358
7494
8962
1309
244
9675
2830
2853
9313
5166
5321
7274
3410
6592
5516
9739
5867
2203
1942
4024
3089
5129
9185
7650
8668
1027
8137
44
2754
2819
8229
2595
9866
2907
570
8203
8508
9301
1632
5723
4649
1735
4035
1253
1023
661
7395
2676
9729
6695
324
7421
6961
9156
4354
1984
4653
7784
3497
8675
3264
7333
9629
5023
5028
9121
7955
9785
4932
1953
6625
6164
5857
859
1518
3098
900
6793
772
7156
2016
957
8197
716
8734
798
1455
6510
6978
5693
5934
9855
8297
8990
8765
263
9783
9710
6831
7932
1954
98
6660
9117
4121
8693
5826
9259
9652
4103
679
6913
1435
7038
3115
9520
2416
113
8867
2491
2921
956
1726
8305
4444
8359
438
8489
9993
4236
2409
8194
6626
6852
8042
1541
8921
269
7666
7822
1897
3669
3887
1778
2414
9360
8028
3016
1633
8926
9540
1617
4562
8170
589
6138
829
2997
9501
500
2273
1470
9516
1131
6483
5205
270
7727
9280
1848
3433
8425
5053
2675
9172
6464
692
613
8434
8049
3234
4060
2072
2518
7299
2447
4515
4963
6731
2479
8280
6780
8720
2099
5190
5283
549
1451
1333
1264
550
6544
8117
684
1775
2792
5388
503
6610
1339
6324
9249
5758
142
8391
4829
4743
9041
3209
6641
1812
8287
1930
3195
488
7832
7603
7311
3698
6123
5686
9714
9093
3289
2865
9119
9423
9211
7967
7540
3659
2095
8958
2770
5318
5414
9187
4421
9794
8860
386
2932
8437
7343
9965
3766
9233
2343
9379
5404
9273
812
7286
7640
9483
4192
7425
3563
6122
6021
6363
9441
783
4367
4639
4033
2764
7122
1511
8913
312
1603
3299
1745
8382
774
4345
722
3333
8997
7612
3381
7361
8214
7779
9845
6618
3202
1803
5890
143
8607
9331
4977
9974
1216
2603
1265
4279
6620
7182
4913
6946
3009
220
4575
7485
5381
724
3940
3534
7458
746
2125
1358
2366
6764
5471
2599
2760
5993
9956
6408
7280
8243
3407
8484
831
8202
16
3260
3965
9784
7713
9624
4509
8572
5128
525
741
7916
9224
2395
7109
3512
9402
2706
3678
268
188
6068
2241
2890
4497
8682
2475
2701
3596
6016
2495
6173
4705
5724
7513
9887
4045
7621
1391
6638
4000
3218
2057
4261
74
8581
7897
4252
7342
9673
2477
2580
7147
5553
1604
6553
8033
9142
8606
6617
527
3394
4627
7907
7178
1640
4720
402
7964
2209
7079
710
551
435
2279
8244
770
9511
1048
2170
9829
6730
642
1556
7222
5487
164
5649
9670
8034
2846
346
4899
6274
2877
8932
7367
9194
6428
7388
8911
9052
6216
6239
8862
2210
1513
4148
7345
839
9698
7926
4335
8762
8661
8026
3565
1028
8473
4341
6503
4377
5325
5948
7984
918
1318
5039
7661
8368
1940
4094
3014
9237
3942
6633
7747
7070
6685
8233
8326
7740
6720
7244
3737
8627
3819
3454
2690
4744
5965
682
8236
3087
9983
5999
8088
8329
8906
3899
3314
1060
8184
1646
3811
1415
7946
6795
4869
5760
8389
3767
1312
5913
5727
5672
174
5785
2525
4025
867
2355
5297
5573
136
2211
7711
1126
2914
4212
8495
3150
5229
2515
7271
8915
7783
4053
4330
3909
7039
7700
1871
234
7462
7419
4780
5610
1392
8954
6020
3215
4113
171
9437
7600
4344
5713
4477
1030
801
5603
7465
3179
2985
1529
1167
2571
1687
5799
1661
1680
6066
9944
6938
5373
7801
5711
200
1684
4136
5051
6916
133
5629
2984
7066
8102
2707
9012
4699
4657
6045
3074
9027
1384
8506
1294
3667
4646
2017
2349
7703
2044
1698
94
467
9545
817
2832
7720
1057
8267
2926
4343
8840
5838
9570
1352
4203
7349
8729
5675
9611
6104
3486
4183
1209
7052
5901
246
3217
4847
6792
615
4442
128
5059
2705
9393
3579
5921
4629
1512
4676
7017
7141
4294
7550
470
9793
416
8951
178
8051
7181
6974
36
8964
7546
669
129
3326
5940
6642
424
4031
6168
4242
1045
319
5794
9054
6712
2046
6076
5728
245
6569
9263
7856
3125
8944
352
1125
2405
3861
7283
5447
1136
1405
8323
8500
2727
877
1117
2743
3857
3778
767
7249
7085
8409
4140
5786
9167
9780
871
4712
2697
6488
5329
4987
5046
6180
7323
548
388
3850
6328
753
6465
6339
1883
8468
4713
3772
4160
5396
3206
7482
2173
8685
2391
8796
9349
2467
7415
1685
2478
8030
7989
5302
7413
9619
2454
6520
6298
6924
3927
9663
9890
865
8809
8626
1193
5154
5226
9994
7638
1203
6455
2535
5733
3651
2678
8928
115
447
9565
5257
7200
1021
3466
1628
9813
6295
6959
905
2758
4537
1929
3032
8479
2773
2980
4552
1932
7617
56
8527
3920
5217
9047
9282
9269
2111
6495
1873
5498
3959
3194
1433
4220
4865
7231
4926
5106
5158
945
6899
4186
5075
5255
3474
8372
2468
4020
4411
7878
8177
4063
5772
9713
9099
6542
3143
4581
4153
6026
8067
3109
6345
1015
1849
4378
1409
6846
8095
8014
1246
1200
8207
3334
4376
442
37
5628
7859
1344
1375
2155
5218
8785
4798
1818
366
8430
9639
8551
6760
9466
6151
8554
6840
7599
7500
7805
7032
9383
5433
4819
6672
7982
5555
8839
652
4039
539
1472
265
3330
5426
322
9286
2379
818
3901
227
6866
3130
1741
8136
8321
1607
9042
3238
9992
8332
2168
8938
6984
2898
4997
5677
451
1440
3526
5450
6302
3160
3509
5741
209
8367
7655
3448
9374
8863
6609
8655
542
8625
2255
239
3302
8378
2013
8995
4754
9827
6229
4470
4572
1383
27
4249
6734
4491
7370
8358
3817
2527
9418
4710
5049
2660
2557
4693
4169
2026
3162
2233
4071
8344
1582
3088
6936
9019
1853
7980
7570
4173
588
8363
8374
6024
449
3024
4612
9804
655
1793
5359
9653
5338
3112
3988
3325
1018
2189
4415
6067
264
5551
8598
6454
9589
1907
1494
3424
3799
5167
5400
1526
2649
7442
5048
3367
5708
9899
2313
6162
7226
721
2301
221
8208
8714
1238
7405
1751
1378
9115
9905
8901
4525
1343
3518
31
668
2973
8501
4427
1434
1801
823
6515
6354
9636
2799
8916
8419
5704
9704
5116
5136
1214
353
3702
6555
2930
3307
7999
6529
8498
7543
4918
3193
5534
998
4309
1393
810
3268
2986
1123
2734
3274
2507
4206
960
4284
4054
9468
6631
351
75
7791
4945
3488
5841
7223
5369
1676
9567
1454
389
631
2078
3519
2788
2250
5420
7542
625
5543
3204
9985
8833
9348
375
4161
5652
7960
9458
5098
2977
8460
786
6833
2004
2858
3319
85
3051
8743
2876
7633
333
7718
3205
6373
1863
1135
4108
1746
9025
5536
1558
2191
1790
5572
4450
2385
3787
7949
888
398
9085
4076
7319
8388
9901
2410
3400
6809
3893
6788
172
2382
9225
8903
7589
1487
1890
969
7519
2820
1629
1999
1952
7489
4864
7428
5680
5260
6813
8728
8899
6188
162
4172
9868
6968
2766
1730
9055
126
8466
9682
2785
8664
820
9384
4796
6717
3425
9106
4738
8615
3344
3593
8048
825
9434
3386
8829
120
675
408
4056
5013
605
3827
6242
3090
4130
1341
8313
6133
7427
6700
5933
9685
2097
7000
8885
4332
5015
7356
8499
4318
9536
3455
4197
9512
73
2285
3262
3099
4398
285
7165
4289
1805
5730
8428
5927
2350
4949
1917
256
3102
8622
8179
9776
1807
1831
413
3655
5638
3508
8766
1909
1552
996
9496
6759
1647
4529
5547
6983
6927
2895
840
7576
9708
5983
8182
8400
5332
6509
1977
4868
826
8384
2860
7305
7539
2306
2165
2624
895
5665
7819
3881
3335
2264
5122
5831
2933
2148
6829
5089
9312
1035
350
6944
9941
1010
99
5119
5273
3236
9711
8922
7043
5627
6919
5747
2065
8261
7382
2992
1170
9020
4734
5714
4579
4696
2316
3679
7580
5596
9861
6331
4583
8748
2199
7686
8355
4459
3759
4116
4604
5781
6469
5515
8798
6666
9177
6480
9209
9812
5005
764
1707
9138
1389
573
273
6504
9700
3532
5052
6000
3166
4107
4447
6895
1172
7446
6952
5225
9351
5984
3822
7317
8334
2457
4017
5222
3714
5664
6778
8879
8404
892
2425
2068
1313
6290
1621
9007
1453
9279
9345
7511
7341
4882
5095
6054
7475
6821
8290
3879
8086
8221
8790
4656
1549
1388
1773
3442
3493
1912
6801
887
2
308
7607
870
7159
5306
3336
3446
2983
7011
2728
9657
3957
8410
9971
3723
773
7088
7968
1327
4586
4523
4911
5196
4351
3640
4647
4208
2318
2972
7682
2064
5625
2721
5967
4757
6945
6907
5709
1446
6570
730
6775
3613
9250
2214
5198
2636
3086
8396
4032
5773
8278
7737
4177
5110
9526
974
3536
5798
216
4993
5805
2510
1291
1376
6493
738
2472
8262
1992
5173
2093
3440
3743
6922
4792
3404
1338
5102
3456
3277
4188
8153
9814
6196
5153
2007
9105
4619
8786
1337
8436
555
1855
2259
3837
1673
3186
3674
7702
7080
1510
23
1788
526
1141
8794
2132
6587
9587
4276
453
9070
2528
7048
5924
8717
4508
4674
8857
8219
3138
6757
6064
4593
1770
8114
680
4187
9136
5027
9643
8645
3079
5081
8539
6250
2988
4683
1082
2731
6206
7645
2406
1033
5440
816
3598
7936
7443
2498
3357
2496
1258
8241
6163
9108
698
5653
2237
2597
9216
2550
3753
9627
9637
3891
4306
1736
9092
6678
138
9497
2615
4069
2451
2524
2979
2829
1185
6939
5034
9931
3786
6659
5380
6595
1154
5193
8577
2245
8147
3483
4038
2324
5942
8751
258
938
8783
5656
1448
5029
7687
534
2888
9473
9296
4167
7864
3704
278
4624
3296
1888
1624
8342
616
1485
8757
8696
8612
9949
9126
4763
191
9769
9875
4872
5127
9486
3013
1429
41
5507
3527
9039
7587
2235
5310
2614
8663
9752
6607
3273
3030
9915
7402
8541
9706
6781
1047
6073
6120
2817
5801
8250
1326
9989
2744
8890
5963
2360
6308
311
2769
5483
8101
5928
5503
9503
4264
9683
9479
1306
5770
1886
6479
5602
2204
590
9456
1547
5731
8079
1462
1157
6385
8812
9058
5473
3594
8632
1008
9742
6671
9469
7031
242
4461
9102
6192
781
6327
2115
8237
638
1502
7373
330
3691
6234
624
1095
2938
8770
8547
5317
3986
4601
4416
2146
4295
1019
4194
2113
763
9305
6342
3514
4143
7289
9044
4876
2220
4806
7551
2870
8880
4232
792
3969
4889
9935
3587
4178
3549
6417
3409
9447
3761
5646
5330
8706
7595
7416
725
5139
3378
1944
8968
8442
4210
5349
8886
885
6770
409
9594
6007
4836
1495
4809
9153
8912
797
2167
4342
3226
8719
2605
25
742
2356
8564
7572
6627
7113
2362
6051
1739
4952
5768
3619
5968
8001
9579
7192
3128
9144
6005
7847
2011
789
8069
5263
3773
9462
364
4260
9789
5336
3023
1962
3841
2584
3873
2021
2719
2152
837
6191
1561
399
9148
1692
2137
6047
3155
9084
215
4048
4789
374
4768
3589
3499
8345
7644
9689
1981
4371
6235
1713
8566
8960
8683
1
8474
6885
1955
7432
8824
575
4272
3157
4001
3283
2439
2364
9988
9068
8242
9888
8463
9161
6902
2100
9268
3930
5436
3094
4244
5017
4808
395
6338
1385
2532
8883
6716
8529
9674
7173
4954
5685
5695
1107
6754
8947
1720
379
3971
6714
10
2562
4799
1223
2321
1420
6309
8861
1609
7224
4737
7493
1229
8792
8502
5077
4777
7186
7209
1586
396
2503
6563
7818
28
520
5188
4258
8815
1254
9422
5096
8180
2184
9551
8642
5852
4890
1804
4472
687
5739
7363
7656
8868
3395
6437
1224
7943
726
7715
3451
7758
553
8597
769
9607
3584
404
7459
6887
2049
9212
4211
2950
7205
8650
5445
807
9147
8084
3095
6937
2789
6993
3069
8801
5441
8227
2840
4787
151
9412
6605
6401
4883
8611
4897
7521
6645
7865
8405
8909
3528
8898
930
7055
4403
1286
8316
8353
7176
3081
9056
1542
3684
2438
876
7556
257
5151
9938
4797
732
2874
3760
5998
5992
6835
8950
9314
6247
6318
3278
6350
5744
9182
8853
8546
8841
6657
9390
7496
485
1799
7764
8825
2825
9770
7811
4112
6787
2996
1580
3251
7449
1227
4823
5213
6955
4480
946
5971
3046
6654
2069
7296
3387
4894
7315
919
6843
8226
4702
5130
423
3458
5366
8543
7948
4437
4015
3373
9128
9524
8936
4357
4802
3396
7508
3932
2611
6391
5839
2871
8970
2537
3351
9851
9120
8032
1963
2839
5655
3465
3895
6210
3853
8447
2626
3603
9096
2679
4772
8265
7375
8062
3618
5540
8548
7151
6857
5246
593
1911
8454
6966
2012
5308
2019
9768
6225
5062
556
7705
929
3064
7800
3033
9659
6940
8402
7841
7954
7082
362
8584
9961
8540
3706
7503
1212
2310
5874
4067
872
8813
686
7183
8814
5395
6424
845
5344
2541
7477
1964
9415
1750
6636
3197
1905
105
931
7562
8100
6848
4138
6823
4475
7455
4182
997
5893
8718
1474
3820
6500
7104
4155
5328
2129
8802
6368
2552
9583
3077
2621
1666
1772
4420
3727
1882
9731
6102
8091
7522
901
4566
6199
9145
5586
8204
4959
2105
1534
9048
411
6100
9266
6643
9057
3938
5830
5663
7339
5177
9521
3401
4504
8544
1916
7256
418
5559
9867
5224
4701
9581
2648
1637
1072
9417
5835
9355
4013
3939
7875
5489
1719
3726
8630
7704
4051
9323
3522
7404
6399
1689
8418
940
6767
9535
7064
1053
9671
4463
9267
4605
571
4340
2835
5291
5033
8161
6243
4867
4164
568
5084
9454
3422
6806
9421
9009
419
3951
5776
9445
1076
7611
9836
7765
2480
7448
193
4073
6448
5444
9464
6630
8325
33
3141
5712
5860
5929
3412
8496
7097
55
6782
603
8003
2544
4643
8580
3556
2488
2961
6333
8277
7915
2088
2018
2514
9874
9854
5935
175
5303
9745
3685
5836
5719
4881
6146
9489
8592
5219
3921
148
5746
5278
6436
6732
9283
3324
3705
8849
2274
4100
3825
9026
4088
824
3078
5351
5673
4248
463
842
5754
1071
5497
5232
9645
9957
3784
9765
7839
2124
760
5466
1671
4776
7136
6791
6403
8149
8318
7346
8299
3494
6441
2368
6549
1236
498
1464
5285
796
1769
5796
8994
4496
80
5121
6256
3136
8377
9932
1675
3263
2050
1777
6111
3363
9122
8248
6766
8744
7887
8438
8475
665
9219
3741
6898
4839
8816
849
6042
8774
6413
681
6727
9986
2346
109
5256
6233
4196
6629
4010
8709
4049
1642
6514
962
7194
1414
7470
2020
9823
2779
6991
7541
9429
9316
2260
2824
165
1400
7467
9143
6575
1576
3313
5001
629
3287
6552
2664
6288
1201
6110
7313
9455
7871
4850
5843
9928
2141
3521
2711
5107
7383
6859
2538
5635
4891
9277
5068
1372
4055
1064
2952
7892
5710
8882
2677
4810
8586
6601
7840
5832
7189
4074
8196
9162
9377
2116
4531
7410
6741
4816
3568
7120
9131
7476
238
808
1202
3929
7944
6466
8154
3328
5203
7931
559
7755
9773
2862
8643
2036
9074
4861
3045
4021
1029
255
9295
988
8859
2029
157
6273
8065
4904
9810
5749
8874
9246
5038
5265
1244
9968
8240
5591
4471
5780
7883
3388
2723
1263
2866
6619
3168
1625
5869
583
5589
3531
2609
7463
5587
2803
4896
4704
8013
8712
6372
5599
122
9777
6334
9139
4863
9722
6278
4860
7854
20
3935
3178
6332
4832
1846
1602
9088
6794
8756
3071
9574
9817
750
5811
2428
4372
4080
377
9577
5386
1220
8700
4085
6811
8281
3515
5865
3576
544
1210
3978
2323
5910
6118
2594
9325
2946
5453
833
2561
1077
5594
516
4457
2563
9756
5054
9701
2081
2106
1837
7298
508
2982
987
5071
163
3133
936
2899
1363
9436
5802
6299
7558
2737
4540
1634
2243
4081
6584
864
606
1225
8517
5289
2517
7842
6177
6149
8981
6949
9118
7575
8007
9457
5778
636
2340
337
5854
8216
3249
4856
9703
866
3015
7335
6353
5069
8205
2692
6838
4278
3605
4430
2387
1036
4321
2162
1283
1362
1439
2531
3472
8379
9275
1847
7087
1248
5443
5906
4921
9939
6109
68
325
7569
5401
1758
8605
6369
9696
97
8172
2030
9638
1184
6414
3352
2455
4741
1589
5683
7034
2112
4114
5070
5269
9630
9411
3967
5787
472
9517
457
4990
3241
8732
2320
4983
8560
2038
3360
7629
6815
9695
2887
723
4589
3159
2596
6753
6565
9681
2444
748
2338
205
6034
2542
3177
727
8159
7806
9978
5274
7403
7340
7469
8518
7507
7814
1118
1921
7530
168
8220
8040
7762
1814
5457
1106
1876
9549
4422
804
2182
7007
8403
180
8238
7812
475
2508
7662
287
6490
1639
6171
6187
7750
7904
8217
499
2108
7894
515
1379
8150
1471
5554
7301
3116
3733
9206
6032
7834
3560
569
2228
1727
640
811
2433
805
6832
2494
2990
9911
2905
7081
3214
5896
1877
9848
6836
5459
4956
3544
4771
4670
313
7480
4630
2682
9916
5919
5827
1872
2077
1535
1550
514
7429
9920
5541
9553
3956
6422
328
6566
5275
4093
8610
5086
2085
3105
897
3370
5389
8653
9730
3872
3712
2577
1151
848
7067
4446
2212
699
5204
5326
4884
5662
2768
6496
1592
5720
6769
8083
112
3665
2226
1784
3139
803
7837
7058
9871
5287
5936
1757
1557
8314
6259
8831
1894
1467
7045
2417
3220
8054
6015
5681
2837
7390
7227
6347
7869
2372
1204
2180
8799
8245
9492
9292
5448
4267
9135
1031
76
5916
5943
371
9406
7692
4914
7306
504
6215
6085
9959
7797
5137
7295
7643
4064
1668
110
1752
2392
2684
1742
5608
6311
4147
8665
2762
7111
185
3620
5183
3845
367
26
4184
6608
9650
9882
5595
5900
2082
552
6107
5192
4714
4436
2087
8855
9542
8533
8971
3318
6400
5764
3604
9327
9477
3375
9807
6578
3914
3989
7495
2215
5740
4356
9478
3653
7238
9987
4050
87
9191
5866
2252
5856
4449
5808
4752
3792
9262
7225
4361
1928
3739
3839
2509
3641
9687
5615
1530
5281
3110
7896
7658
8121
9648
3897
7536
8199
6244
6559
1566
3671
3912
7953
8917
4680
342
8429
1468
1597
3050
9904
6651
9736
3931
8984
2687
5056
8974
4101
1394
4981
7103
8268
1257
6370
8276
2270
8969
9392
7233
584
4293
9036
8672
1959
2885
1573
6817
2001
676
7392
5065
1765
5939
7821
4387
2617
834
8122
1626
7253
7601
3010
2383
2262
4906
3597
6497
4886
8842
2041
9063
2791
5844
1301
6896
1173
4968
343
4758
5312
5905
9173
9111
1935
4569
3018
6237
4132
8992
3635
6975
3661
1218
9725
4790
2394
9433
3946
8104
466
5073
7451
29
2218
6948
6272
1595
1482
4824
7035
6855
7908
5636
3816
3808
7996
4499
948
2460
1721
6796
1845
332
3583
9382
677
8348
8624
9946
1951
7919
2790
3571
4565
7782
6931
9537
3769
9963
3246
431
6425
6713
5690
7312
9069
2909
8616
6599
1374
1198
6404
8514
3924
2092
5955
1355
7331
22
1012
9446
7979
3025
3884
3947
2159
4684
6374
8585
6704
3259
1585
6834
358
420
2302
2187
3736
6499
5825
5243
3320
3516
3345
7820
1681
5161
3732
7466
8701
3414
5853
4349
9906
4825
3962
9215
2999
1708
3802
2138
266
7318
3057
1569
1345
9799
8526
9568
6749
2427
6077
7712
2154
3163
6572
1796
8165
2843
6779
7789
761
5633
8558
6743
5324
7124
6093
5304
6615
1859
5766
2669
9588
4273
4557
4366
8006
4065
8346
39
1795
3961
1728
4106
1704
5974
6420
3663
1256
6482
8583
1563
9359
7126
3859
6245
4879
1862
735
2131
7743
9213
968
3180
3270
690
5413
3182
1270
9903
8025
2158
1407
889
8110
1368
4365
2232
4004
2311
1571
2651
8791
6352
3750
558
5908
2229
2975
1611
8491
8565
2695
5083
8608
9410
3699
8573
6115
5909
2954
5379
7899
3607
5298
2487
7890
1581
4254
9998
2265
8654
1943
2696
267
1601
3459
2484
4417
8590
7872
2219
6089
9584
852
8096
2586
3072
3658
2638
4555
6202
3600
7585
8600
2633
5575
6011
9541
3928
2440
8800
711
7816
6286
6197
7135
6683
3890
971
860
8156
7584
1906
8167
5654
5169
3907
2653
1840
2567
9948
2805
7125
8483
4801
3636
4228
7242
8139
523
9538
7552
2147
9996
4452
9401
6070
3871
261
9002
5372
3892
2505
3097
6125
1819
4250
7021
2722
8324
3570
543
8373
1370
7018
9051
8902
7671
7497
1371
8453
5020
1781
2592
647
1296
1669
4174
8284
4145
3634
179
6063
2456
11
1245
3900
6881
5279
2371
6023
1543
3696
7450
4974
8828
82
1013
4092
6622
3250
8298
59
414
6814
5506
2951
8061
5561
6707
898
5387
199
9352
6283
718
9859
1663
1361
7265
4857
7675
6041
2361
5362
7175
5888
4596
3029
959
4308
5019
8967
1323
509
8370
3838
4275
2787
6808
9300
2196
8399
2035
1262
3092
5282
2296
3221
6052
5152
2178
2844
6434
9378
195
3076
7257
9230
1667
6628
9453
6876
5788
2827
8130
3624
5894
9828
3444
752
6474
9038
1003
771
3134
5397
3676
5245
4486
2354
8763
3883
9326
4494
9772
2801
4655
3823
2300
8671
9218
1194
3782
9667
5375
7207
4338
5593
630
6148
5898
4142
3004
3806
9597
6681
7849
9413
8865
5678
7986
8201
5570
4324
3844
7148
7025
338
5986
2974
7437
1166
5504
5751
2470
5949
6300
8140
6736
1127
9564
5959
443
8676
3229
2040
8349
1588
5174
5650
477
5814
496
8340
3621
5598
1740
6920
6096
2295
6174
2059
3212
5468
5035
45
6014
5877
2647
3614
1413
7498
1780
2634
8470
8092
7300
5250
7378
123
7879
3419
3496
7678
6818
3854
5795
4158
7424
6718
2198
4224
1059
4996
1645
6393
5738
759
8163
1348
1349
713
1662
2631
536
7965
2971
2398
8601
5925
47
7853
4046
2957
1423
7152
9226
958
8617
915
5657
806
18
928
7679
744
9343
7282
8567
6738
6238
3101
4096
3863
1273
2139
8738
3038
4736
4125
1858
5446
9400
361
5472
7746
2714
4431
1087
7533
6418
7923
9430
8631
7220
7288
6498
6894
8662
6867
8846
899
2234
2587
4632
7119
7302
9741
5765
4043
5361
618
6213
2315
5700
9399
9578
7262
5210
3697
5315
3711
5707
6394
6320
3471
3175
8707
3504
4072
7128
8987
3224
4451
5842
7117
8232
9164
8691
9942
6564
5976
4530
5037
9107
3431
4282
5482
481
1686
653
3371
483
390
6841
9231
7870
373
1915
5676
4631
1492
6459
5524
1896
9290
2757
1533
5564
5223
4382
7255
5421
709
5299
8426
1115
9940
3223
9929
3108
8060
5756
7845
6548
8116
3672
444
6581
7565
4238
6973
1146
5417
6304
1187
9232
345
127
1386
5607
7855
9933
2967
3874
2777
3183
8386
7701
1016
4465
5199
6048
6200
7235
1839
4292
8142
9519
8760
5634
2717
8105
1493
8375
2254
8035
513
3791
6494
182
3272
4750
1683
2166
9297
9640
2208
6322
8476
2217
2028
1387
6485
4030
2618
6656
6740
9856
8380
7202
6276
6057
250
13
5784
4733
701
7766
3984
211
4400
9276
1789
4052
2894
7441
3062
3184
14
8433
5195
9338
8485
9000
9188
206
7422
2740
8509
3547
8927
5464
2816
4305
3795
4058
8406
6361
4767
505
6930
5134
9626
8989
1700
8669
3338
6003
6661
6567
9030
5406
791
9203
9018
5849
3646
2645
2344
6439
5642
9958
4118
4940
8390
2136
7861
6472
7868
4325
7977
2090
6335
4927
6868
6383
5846
4746
9001
6315
368
9886
1579
6574
9168
3219
9484
7098
1266
6883
7997
6375
2850
4659
6893
4168
4898
1158
5851
5834
6463
6116
63
4
4500
6655
1438
3882
4002
564
6113
450
6204
749
3999
2424
6783
9208
9576
1004
3574
6427
8187
4091
8331
5979
2037
8681
7710
7277
5961
1466
1996
5171
2593
4243
717
9677
3548
2367
9803
9482
3181
6721
4022
2629
3286
857
4501
5514
4207
1138
2151
9743
4355
6981
2463
3000
3517
7941
939
4014
3153
8739
4606
6134
6878
1329
2328
7974
745
9846
8999
8189
7876
2434
8807
6696
5962
5813
5101
2005
6879
4739
3146
9493
643
4603
9336
4924
3137
9533
519
1732
4481
6909
42
1895
7807
4833
7180
2937
4253
9448
1320
1933
1995
6735
4762
7059
7583
2023
1297
9028
5891
2031
5947
9761
4135
9499
8941
9426
6803
219
5290
8063
3332
3868
7672
1160
9235
3507
4607
8317
6751
7036
6869
6842
5220
2201
70
4059
4490
8111
4697
7014
7956
1097
6650
7334
6600
4044
4688
4205
7398
9376
6415
9251
9952
3851
8295
433
6325
3731
8641
5266
1078
5212
2304
7435
8934
660
30
7567
7642
6667
9633
6056
2242
7991
7886
1672
8702
5024
5753
1359
8497
5419
953
4975
4556
9050
5050
2278
1068
5253
5972
8820
5725
1612
5761
4511
1128
3343
1688
5819
9872
6144
878
6527
5100
879
5703
7647
3261
1456
6777
4517
1983
6132
327
248
7526
1044
5428
1957
2796
1594
6988
7504
4008
6994
422
4428
3158
5082
9157
6284
6078
3257
2276
9309
5609
5705
2987
7445
384
8550
7670
874
8228
7394
1271
6972
5895
9774
249
9913
9792
2782
231
6254
9556
2616
5601
3239
4642
4870
9925
4584
2002
5002
3630
3148
2445
6536
6140
2336
2610
595
1066
5040
4448
7772
2436
7290
8252
1114
4455
3781
7102
1910
3993
9837
141
7578
650
702
8113
9067
2897
6143
6062
8988
9720
9024
7597
146
7434
7518
1937
4373
1001
9649
697
170
9600
3686
9481
4221
3990
9387
1926
8041
7690
3362
1679
7071
4821
334
1652
6457
5339
9091
400
7440
9014
357
310
4259
434
7741
1898
1540
9109
7665
8673
468
5815
9151
7054
1365
7877
694
3979
2008
3170
2556
5640
19
6004
5216
9809
6556
3849
853
4251
2767
2666
7778
2755
7114
8448
8889
79
8636
4326
1969
9826
5418
3546
2749
1134
3055
3762
8343
2183
9760
1091
4636
3403
6262
1037
9487
9981
4912
6674
4310
6579
7938
4849
4299
3297
3293
403
2369
3232
493
4157
9450
2708
4280
4841
1870
7554
6820
1108
2352
8562
1308
2854
4468
3591
4805
3368
8749
7075
1284
8887
708
9113
2465
6297
924
7140
5244
2164
4972
5390
766
1110
5956
6158
2691
3311
9274
9559
6999
3383
4131
6036
9598
4785
1295
6343
3254
2443
8427
7707
2317
3070
8492
4965
566
6612
7381
7808
1980
2426
2560
9428
9801
9397
1452
5904
8528
1622
7146
4570
560
5247
2283
6960
7239
4181
3434
2156
2376
7723
5109
2602
2160
304
7798
4266
3298
272
237
4852
4577
8722
6473
8350
7517
131
2880
2935
5531
3350
1340
1828
5474
9775
1324
5574
4673
2804
5236
34
1090
4533
2915
3569
9822
7745
490
1737
1966
3096
5556
417
6518
5567
9040
7939
132
5980
5124
7460
5371
2884
8038
8869
5010
9635
2281
2435
4594
385
6484
2140
6745
6285
4409
8392
2202
5272
286
9257
6349
3340
9029
4600
5499
360
2236
6874
6616
2437
4291
1488
7396
9850
6772
9307
3644
7084
2772
7605
4686
8480
3411
9403
1994
1660
6095
2748
7885
4087
6540
7673
1311
7158
9737
7042
1480
9863
5871
1067
6722
8131
8206
1406
1298
6687
7659
4225
5604
1242
9951
9419
7901
1670
2190
8621
8844
9223
4301
2924
259
2891
5617
881
1973
8089
3207
8516
7472
3870
7981
3484
2572
3996
8174
2263
8939
2464
3034
9558
598
1500
9424
415
909
2834
4681
1979
5009
8145
5425
6166
7304
6475
1613
2384
9103
7012
9178
8835
3829
67
3437
6543
6447
8864
2784
3271
9544
4892
7241
1755
4466
3073
5774
3631
8478
961
1373
2399
9991
1641
1711
8416
7217
9862
3775
1993
2298
7924
2043
2415
4784
7385
7657
3997
2588
1786
9288
1659
9726
9820
2780
1300
8805
4171
1826
8822
5165
5941
4672
7735
8737
7685
5063
2842
4390
659
8687
4285
7130
6224
1186
7632
4347
8118
683
6312
84
6378
8545
7619
7749
809
7694
8458
7891
8711
4268
1350
5763
511
3463
2530
7771
9361
9416
6145
5491
4176
7756
1891
7005
6513
3123
6154
2206
6487
2015
2911
5614
8327
6264
2797
8779
189
1051
6275
734
2778
4304
532
714
4443
6091
3719
5569
1927
1892
1268
6069
9104
8338
2619
1815
5721
1199
8652
6025
8832
9787
5850
6119
8819
7492
3970
6265
6429
1084
1756
9962
6653
4399
9937
2269
9060
9285
6114
9127
3566
9112
1868
9751
7738
9990
4862
6406
8310
8754
2249
4651
3227
9341
7464
3
1458
7106
8534
1546
9130
7827
4479
203
5932
8836
6397
649
628
9192
4815
9816
5230
8046
799
5284
903
6785
3809
1476
6155
282
9921
601
1205
3843
154
8169
6137
4761
1330
1074
1501
6438
6901
7101
9302
5915
8411
5520
4991
966
1336
5767
8273
4578
6648
8977
9943
3281
1861
4550
7976
4380
4149
7874
96
1703
6798
7401
9394
3545
5331
1096
512
4513
7525
4966
3627
6346
6699
3960
7780
3677
855
1504
405
5864
7652
5624
1743
3053
8692
9220
8677
7882
6982
5639
7369
7001
3418
1461
836
7793
1716
1590
7951
8235
3140
9132
8553
3612
972
9152
1615
5140
3628
479
9159
9892
2545
2289
896
341
7179
7911
3943
1099
460
8918
3237
8761
2640
4707
567
7261
9222
5185
3608
5197
8764
8397
1113
9721
8043
5508
2401
1945
7488
3144
5605
8991
6744
5623
1985
1682
2718
7922
3991
6521
7555
4561
5480
7947
6862
983
5451
1418
5182
9160
8482
7438
7408
3757
5357
4571
135
8594
8721
6395
7326
8366
2193
7781
5294
9824
5470
4456
6708
8164
6763
7928
1920
2548
8146
8053
6189
7990
4721
1616
3918
4595
3749
9735
3609
5859
1791
7133
6253
9655
6195
5455
9615
9747
6923
9330
2568
3427
9005
2753
8678
4402
2960
7471
3384
7468
6175
1545
8461
3975
5047
6340
9618
1272
9064
8983
5691
4620
9186
3717
7757
869
7060
4719
7358
8795
5202
8171
7664
8741
7083
1000
1705
3026
9506
9158
712
7846
926
3777
104
941
8493
6282
5818
2672
3564
2177
4553
9149
2712
8335
4845
2452
2205
4903
8680
3797
2181
9463
6106
2869
474
1070
9324
8871
8620
5523
2583
2282
5619
2145
4502
6573
695
9407
8249
6249
2978
4988
2943
8415
4512
9908
6702
9656
5930
1508
3233
7571
8289
9110
1936
4616
1399
637
4296
5722
7646
1215
7835
1570
8029
8186
880
8856
223
8027
1767
4119
6709
8698
9953
5643
9767
3292
8435
9243
7934
6185
5952
4358
6824
495
4274
230
3380
5407
3785
3252
7906
3167
4009
4245
6190
7623
4018
5476
7972
611
8986
562
2841
5734
3974
8057
7107
6598
7160
9443
814
951
4946
6443
3582
1934
1431
7252
2652
7815
9086
3625
4066
632
62
6987
8009
241
7089
2821
2641
6640
7654
8507
4237
7680
9869
7187
4198
7287
3585
8588
2271
4460
9843
6915
4934
5580
2492
9329
9790
6588
9763
2989
2102
689
1989
9311
2091
6693
8910
9046
9666
6611
8075
4878
2970
3847
7414
6376
2650
8351
4936
3680
3510
3498
5632
393
4989
3151
5519
8710
5822
9234
1302
8930
3637
7994
2814
6905
3364
893
6129
6652
728
9256
8422
1390
3774
5544
1923
8212
9452
8195
5227
8494
5145
1702
9744
8618
2991
7024
1528
2798
8151
1729
3629
7251
5535
3793
6816
6121
5146
4485
2453
4026
7268
4003
7527
471
7016
7895
5041
3171
3602
2055
8773
4405
7838
3361
2864
6446
6725
7393
1565
9898
9969
4290
6761
2836
4159
5982
2715
3537
7520
5415
5505
5782
3715
843
1774
5488
8143
50
5259
1032
8884
8731
9472
6103
8837
614
5886
4788
6602
7003
3983
2347
6088
3710
5126
4770
3562
3413
7138
620
8254
667
3132
4718
3468
6160
8251
580
3916
7731
5431
920
2378
2806
2879
432
7172
1261
103
5513
6033
9449
2922
6950
5358
7116
6756
4541
2582
7920
4567
436
5546
2551
8093
9606
2794
6591
9895
2402
6590
5399
3885
4648
455
7809
2267
9444
7245
1564
4960
6507
7759
5172
9815
8628
2606
7557
5526
214
7053
7851
3315
9732
5016
5689
9129
1881
7164
7628
666
4992
7353
6126
821
9265
6212
4995
4193
599
5743
8574
5300
779
9239
7232
7006
2413
7218
1820
1147
3511
4241
4269
2275
9563
6226
993
6812
7167
3538
6205
4262
2216
2292
4120
674
7379
8141
8875
2408
1285
1813
52
7433
9094
3408
3925
3744
9723
3821
8900
8907
7985
9724
7639
4794
5745
5061
9797
225
7399
1914
1062
6990
9504
9031
2793
2526
9321
9927
3462
6046
4368
6314
4694
9294
646
6407
4413
6012
8713
6860
2511
3835
3798
3551
8523
7210
1014
1822
2033
5148
1614
977
86
1627
1924
9543
7636
3666
6986
5142
9459
8291
4124
2965
3581
9610
3501
2122
4170
2305
5355
6980
8579
2742
5648
9389
9217
1754
3903
2759
1759
8073
4297
6538
2613
6728
2239
1653
7568
1899
5688
5340
2756
6491
5374
3256
9691
81
1771
7884
9320
9528
1823
8896
3814
5502
7193
7709
1521
8904
2962
671
9513
6319
7940
5791
8356
4678
2783
9077
4747
8582
7770
8549
7995
3068
5092
9753
5156
9089
1829
6136
1971
9287
3385
1834
1101
5208
4123
5313
2194
5164
8504
8451
5597
1539
7029
982
3810
5806
1437
9396
6431
7698
4200
1182
3093
7229
4337
1810
4625
7586
9438
2673
5903
2612
482
6255
6976
762
1664
2227
1835
9623
6090
2576
5058
700
6890
4667
5368
6287
8639
7725
4503
5762
6528
4133
7212
2533
150
4425
9766
1866
8646
4286
4920
3393
4880
1587
4283
973
7486
6257
7329
3902
2171
3910
8012
5215
535
4682
2901
6323
4317
8166
4661
7354
1408
6193
9622
664
4791
1069
3550
3622
2330
7560
9631
6456
7431
4822
91
8452
8128
9381
7110
8686
1449
2430
9857
9337
2667
775
3129
862
5264
5783
3992
1763
4795
6647
8735
2224
428
7963
5878
2326
4947
913
1277
4240
3017
5286
6517
1149
3945
7696
2094
2579
6594
4859
5613
4388
6729
5833
617
283
2290
116
3037
1941
6411
2257
8920
943
1155
9997
3606
1483
5840
9124
8746
4715
3342
1299
3028
2466
6477
9201
8285
4844
7848
4634
5797
7307
8877
6013
184
2630
4401
4385
1697
5360
6108
1436
5469
1380
641
1506
9491
4233
1970
8472
8775
3638
4027
4141
3645
7105
8364
497
5807
3201
5951
2027
125
7898
9662
6152
64
4314
8432
1159
7177
9405
1145
5517
622
5258
1432
6452
8000
8134
1181
53
9852
4559
5485
7909
916
8699
8320
3660
4524
5231
2504
4439
4939
3632
2230
8555
469
5252
6614
6532
6293
4352
2637
7958
7937
6223
6603
5590
9918
2489
7199
8132
1674
4277
2153
3369
7608
9547
2448
2251
1026
1404
5620
3365
7094
9858
7547
9101
7149
5969
4793
4866
1551
5706
1572
7516
1783
9480
9388
5383
795
7515
2908
4012
1457
7163
8253
8152
3275
3379
3428
8726
6670
5958
5558
1496
3818
7863
7115
8803
1913
2623
3657
6571
7549
3803
1825
5518
5237
9391
8072
3449
621
4626
2421
5577
3758
6065
3968
4438
8589
5412
1304
8532
9189
5408
7478
2968
4191
2213
5060
2710
6943
6856
2966
3310
8633
4300
3982
4383
4875
4440
9718
765
4016
2192
5201
5353
6476
5094
4516
6677
7722
7051
6926
6755
5486
1691
6706
8225
756
4287
5112
3525
9245
3948
1699
1497
529
9154
6964
1608
2969
317
5347
5548
7613
7610
8224
3309
4410
2175
4610
7506
7230
8004
5233
9642
208
2812
9065
2896
6313
3231
2553
1274
964
635
6762
7452
1850
9557
9176
8811
4751
2558
2483
6240
5042
3896
2133
6416
3789
4677
2185
4691
8505
2512
144
7787
658
363
5978
6547
8097
7293
6845
3091
6925
9242
6178
5367
800
446
6928
6550
3485
4644
8778
406
7131
3877
8924
6167
2904
4522
1651
7609
5858
4257
6582
1967
4179
1162
1080
8892
2856
949
78
71
1531
3397
6908
391
6516
2900
980
3693
5582
9982
8845
2048
5465
7215
3633
3889
9304
5248
2135
4265
6711
6228
6954
2873
9315
7219
6863
4871
8966
7037
3648
933
8266
5769
2225
476
8736
9008
5261
8144
3476
1377
2739
5370
3543
9043
8443
9244
8064
3801
1938
3321
657
3915
8445
6203
7736
8519
9488
5748
7683
3305
5235
1794
1874
458
6279
2657
456
2632
6009
321
1532
7918
9184
1237
1578
3235
6360
4922
8823
4474
1065
7418
6979
2643
9984
2931
8688
5647
7921
6426
2441
6911
1554
5994
3085
2546
7677
3190
9522
5405
4679
5521
8066
7514
563
2927
4082
6839
1958
942
6306
1287
6963
8963
4034
743
5944
3247
425
8015
5239
8649
3301
9582
9190
8993
7384
4834
7056
2277
3176
6002
224
8603
850
5533
5702
8931
9973
1481
757
858
7380
6326
2288
6675
8704
6141
4675
8568
3520
445
290
522
8536
2266
3495
8982
4652
541
2056
9883
2725
9923
9414
2902
2639
8081
6442
3005
335
1267
7357
440
5004
6412
3578
9398
3120
1171
9241
8858
5848
5350
8745
1425
9053
4483
2699
2286
9080
2863
4412
2917
7336
3764
2471
6271
7142
1319
6359
4204
8725
4464
8424
7524
5923
1086
4902
9980
4759
2565
3639
5104
5682
3007
1974
4510
4434
9204
5873
8412
370
1527
6688
5954
293
1893
3586
3317
5141
240
9518
1150
9550
4958
4764
5402
8330
7267
3491
7426
4943
2358
8648
5790
5875
114
7188
883
6511
9646
3019
3561
1802
1878
9529
2231
9684
1240
6317
1279
2713
1712
7499
1555
2332
4028
8103
167
1040
4599
4163
2469
9620
662
619
1946
7153
4495
5584
3480
4660
2144
9692
6886
5914
5160
3199
3279
3285
6797
992
3858
8306
644
4725
3126
3416
2054
2920
3243
5876
369
6267
6059
8925
9964
2103
54
5125
2694
1063
8395
6888
4195
8449
4588
7748
6006
7169
7788
1536
3866
6217
4047
297
1422
7420
275
181
7320
9207
9897
8750
9166
9778
5108
1305
8127
2809
6105
9210
5641
7794
8914
9842
8695
4029
970
4563
7254
5424
303
2516
3049
7484
4813
8385
4086
4519
5311
295
7637
5000
8768
3776
24
4666
9934
8690
9712
6933
9021
7276
6010
5044
8
3450
9404
604
7532
2253
9628
8730
7400
233
7221
7171
160
7123
5066
3555
1191
8957
9880
4828
3405
8876
8602
9699
1102
9873
5115
3303
7351
5885
3963
8394
2381
751
6268
9833
3327
7732
1061
38
4316
5752
2849
9786
8772
7260
6956
7714
3475
137
9141
7889
2418
6935
2073
8852
3985
3290
7862
5862
2549
7734
554
8634
3482
252
183
8640
7041
704
8247
8292
4698
6142
4831
1281
6561
3828
7028
1808
9740
7444
1724
9370
3423
212
8552
5346
2039
8005
6356
8996
3111
6410
5824
6366
6341
169
3127
7588
3172
3876
9306
8535
7372
8173
4769
5012
4851
9560
412
5461
9894
5343
8071
2889
2067
3490
3191
1517
2388
882
5742
1382
159
5149
8309
8733
3941
4473
9432
6580
6305
9354
7143
7157
5240
608
6060
8788
1427
1939
3052
9034
5423
1749
7352
2071
8336
7833
6419
9802
4614
6218
3917
4888
5021
4256
6117
3080
2867
8239
3654
731
1367
4097
1956
9876
754
524
9076
5592
2661
3489
4613
8215
8074
5249
6440
6768
3557
6864
1132
8595
2716
6289
5618
17
1696
4154
3869
3131
7767
1598
7667
9471
1153
788
1213
8107
1317
7537
9322
6998
9779
2327
9181
8234
6858
9033
5168
9647
1657
8742
478
4528
354
7829
4905
6421
7076
4700
8843
5477
7706
3721
4165
4689
4312
5045
480
3649
347
7481
5501
4640
5460
1817
8176
5883
7697
349
7213
827
107
8674
1109
9595
6871
4858
7430
4925
7669
454
4476
7987
6170
4933
1112
530
3875
2195
1901
7775
9395
9612
9298
8942
1779
5522
2566
5560
4938
9460
8870
4019
5307
7170
3540
9045
3780
1196
4492
7566
2009
9759
9596
7033
3664
3790
186
3964
4919
2074
4247
8031
2107
6486
4814
7719
2386
6789
9342
4487
228
1364
2307
1275
7324
6662
2476
4360
9885
3119
8604
2956
8160
4654
891
2845
2693
7742
5072
3745
1880
2573
7321
9688
4781
1179
8619
1787
5175
729
4453
8978
7004
8082
4215
8133
9632
378
8020
1900
1046
6124
3377
9344
201
4576
5907
8068
9133
8255
9254
4984
4807
7773
7563
3898
1644
768
5410
3382
9811
5242
8740
7423
7273
3950
9531
5384
12
9016
9910
2893
4645
9079
5500
5117
4180
1947
6941
2423
7830
8777
5432
2006
9097
8563
4199
8279
4231
934
8076
3995
7649
5305
65
9693
3740
1360
7350
7528
8021
5950
8011
1961
9840
4139
2750
9116
9995
1075
9796
8705
3724
907
5008
3812
5897
5660
8510
7063
7962
602
4151
8943
8878
3398
1442
776
9806
3216
2331
7988
6468
9534
8459
9461
2720
706
4650
3754
5563
6985
194
9960
3282
9095
3855
3831
9878
9318
5437
1206
1516
8158
3683
4574
46
3533
835
1093
5376
8223
2119
7753
15
1965
4189
9644
5022
7618
4615
6810
5735
9592
4994
2126
2499
6039
9738
1022
4150
7763
5494
6957
2149
8708
2098
6541
7577
9762
8715
2601
8383
863
663
1041
1654
6701
2547
6634
4535
9197
294
1875
7843
688
3716
9716
9686
7281
5996
9839
5698
8058
7836
155
4948
229
77
8019
5887
2397
5585
7559
9847
3643
1289
3189
7134
3059
7090
4930
3746
3147
6348
5911
4102
4818
7914
9229
8945
3944
376
3399
6844
5434
1503
4953
5111
2554
5879
6953
2293
6270
5600
1161
7624
6632
8576
7858
6557
3222
5150
4348
3430
7044
6481
4222
1463
3284
3107
6910
7768
302
9098
7325
1445
7099
4895
2735
6853
6307
9299
1169
4887
7689
3477
1568
5552
9912
1226
9362
1221
8531
4800
6453
3503
3709
1734
7674
7831
2197
8264
2726
1505
4506
6260
8417
6880
6535
5966
4611
6035
758
3864
9340
609
4749
2604
8450
8296
145
8469
2500
2625
2733
339
2130
6690
6889
232
3652
3245
4144
7047
6992
4202
7529
7377
6251
4617
8045
9165
784
2052
8769
9979
6748
9260
4703
978
7278
5211
1902
8056
856
6969
3043
3524
5267
6492
217
1024
9764
8638
502
1747
6128
6680
5699
1824
2883
93
6784
9367
6918
427
8362
2923
3647
1092
1211
2730
5823
9372
5537
1103
4582
439
8635
5131
5651
5659
2732
8023
2400
5666
6246
8727
2431
4370
8420
2176
6221
2143
937
3734
7760
5716
2032
5668
2337
7776
1722
5391
2635
3203
5144
1269
6903
7544
5777
7970
6462
2353
1761
2246
3376
3908
3729
5011
9183
9193
2109
8660
6075
8138
8666
1596
5872
4374
9072
6296
9924
8946
2207
2334
1559
2083
7602
5736
7040
935
8559
4663
3039
8522
2497
8464
2121
6017
2918
8259
9004
2502
9580
4812
7912
4753
1411
1623
1731
8123
7096
7594
7592
4549
9641
7684
2698
4219
8002
1085
7284
7118
4329
1100
4590
645
3878
5354
963
4075
2403
6379
8955
654
2256
6668
2683
9199
785
2944
947
8847
8304
5588
401
3987
4323
2314
1088
8308
1328
1856
3573
226
7127
4126
9123
7961
5899
177
380
3763
8888
1282
3911
6019
4835
2581
4414
1950
8307
9614
3681
6726
3610
7952
4396
1050
9425
4591
2513
5981
5462
4303
2493
4722
5079
3240
6917
2882
1797
9358
8697
851
7615
2741
4915
1931
5884
6055
2186
8191
7622
5729
9114
57
8524
9893
875
421
1574
196
4538
6882
1424
4964
5138
4331
9498
3559
4979
1228
2370
5630
8106
2022
2060
3031
9303
7627
3084
6719
4690
1475
8017
3904
1879
3339
4320
3933
1142
4551
1830
6038
3713
7668
1638
1889
923
7234
3106
4568
3006
5612
2998
6080
4381
7910
1978
3036
8538
3056
6461
6183
7751
2485
1278
7688
7790
955
7387
198
2000
5181
4239
1243
6081
5074
8098
4023
5356
9240
3692
4980
5661
6658
6451
914
4585
4729
7501
8431
2919
5180
8022
9955
7534
8949
320
4350
7439
2818
2659
572
8593
7269
747
1949
9660
3187
6758
9171
2620
5545
8525
6851
3771
9515
3695
1717
6087
6698
4658
8381
3436
3830
5771
9347
4929
3529
1416
5509
5025
355
2461
397
9975
5221
102
4507
6027
3003
2420
1520
6402
2172
323
9180
2656
3322
4716
2442
5323
4916
5187
1631
3768
1137
6
6061
952
9757
3688
10000
4641
1842
5456
4426
7145
6165
3122
3280
8085
2114
1331
9440
152
4435
7959
1156
3329
2258
9227
3694
2025
7
4429
4724
3936
1725
3840
8271
4122
3142
4263
3354
1522
8647
8487
4547
4362
5512
1260
3429
5475
5277
9371
2736
2075
9832
3755
6423
633
4514
7409
5271
610
6934
3720
5549
5449
8703
4270
3253
4695
3513
4564
7663
4375
3572
9884
7913
276
8440
7983
7297
2662
6921
5492
7091
8231
251
7905
8175
2674
8263
4544
9353
7332
7453
4941
6156
8467
9011
2061
2142
1577
3104
2838
6037
2120
8258
9605
7930
8935
7487
2287
4986
8115
5829
9035
7344
6071
2374
510
5143
5178
2942
5135
1606
1733
7902
1710
6147
846
8872
8446
6097
3937
3689
92
4288
2123
9431
5532
1314
5493
685
740
2936
9678
8393
1997
3042
3196
8260
274
5868
7292
8211
3730
4235
4775
3390
4830
253
9694
5542
5622
7523
3673
7015
7023
1315
271
2294
7303
7150
8937
7728
9709
3815
626
101
1968
6965
6367
2953
4389
3469
3779
492
289
944
1665
3836
2589
7786
3027
280
8716
9328
1904
7072
8956
9891
3372
1443
3832
8126
6703
2751
2815
1762
8979
9680
9059
7927
7206
8456
6316
3353
2297
1235
3682
218
5793
7581
7596
8423
4766
3675
1706
192
1395
6127
464
9258
202
1444
2702
2272
2642
4706
6773
4327
4597
2628
4662
7389
394
9146
8077
6435
1020
2875
648
1525
2118
8108
5393
8125
4246
1055
9175
5821
4621
5090
407
5228
8503
5003
3973
9451
6471
8789
9408
9664
49
3295
7447
2312
5262
9015
4083
7973
3615
3998
7724
1105
4095
3599
9238
1884
9023
7769
1709
7461
3300
4037
9590
2422
462
8724
6742
5097
7795
5938
7626
4230
5076
2058
7935
3738
8052
3258
6489
8570
6351
6329
8119
7376
5091
1056
2859
6776
9870
161
7093
8275
2786
3505
3742
9728
3953
1605
4923
441
1177
1005
819
7473
9945
4217
2084
7512
8985
6153
7264
1816
8830
8659
1121
7582
3541
5430
210
5669
5200
262
5157
1768
3670
372
4928
6444
204
1499
3154
21
6739
5800
4185
1833
7993
7634
2003
7900
5481
4391
4532
9586
1548
9572
7992
6870
2529
3267
48
6531
5562
9271
356
2851
4201
3813
9075
3359
6669
305
777
7010
3623
6139
3135
8055
6467
1764
7651
994
9546
6995
1593
1459
6694
4957
1325
1165
6355
9228
8222
3577
410
4255
2540
7197
6539
6676
6904
3065
715
8347
8185
6194
4042
4982
1857
2940
9125
1119
5113
3021
7604
9697
8520
2534
6623
5922
1469
5902
3552
7009
6989
5031
2963
8854
2746
9364
7708
8513
1599
4820
9575
4732
3417
3981
1650
9195
3426
5334
6387
6364
1832
4117
6390
3118
309
1918
4970
8303
9907
8477
2810
5817
6460
6765
3580
2822
2934
1620
8230
546
95
1195
737
2150
5538
9071
6098
4111
6043
2886
841
561
3690
8272
5398
1230
1450
1753
207
8481
7625
4877
4478
7397
6112
9261
6872
3312
66
2910
108
9523
790
8881
9527
9727
9373
2319
6263
7279
7810
6970
2964
4394
815
5701
8651
3464
7263
8157
6802
1334
4302
7407
528
7328
5964
7322
4077
8537
634
9702
5953
7308
1250
1490
5803
236
596
1987
8980
9835
6545
6291
1477
8793
4392
3590
277
9889
4319
3794
2390
9310
9554
2585
2045
9781
8439
1600
1104
4110
7826
187
3438
2729
3060
9317
8080
8294
9665
7860
5189
7579
6586
2357
6665
7161
2419
190
5985
2104
1252
2765
6977
5855
7648
307
4346
2079
5064
9599
106
4214
3225
3707
6585
2034
4011
7933
6022
7635
3722
5159
6691
7950
8973
2959
3230
7785
2393
6207
7174
9782
8218
6344
5254
8333
6388
6179
1618
5184
2848
2738
6079
5163
7880
8587
2703
5988
4458
3558
8578
247
156
9196
4840
8486
3402
3054
7137
7057
5403
3067
9896
7593
7132
703
1428
7391
2627
6211
3966
8465
9350
3617
986
1827
507
868
8188
7144
8908
6382
6219
6230
9291
3796
7866
8352
7100
6562
565
6357
3703
3061
4128
705
3149
4070
5581
5732
4735
8976
995
7483
7867
6321
3008
465
4623
2811
1975
607
6733
3348
235
1465
1190
5977
1948
32
6947
2939
3164
9750
4602
4944
1034
6664
461
3905
9719
6501
7538
6040
298
1369
7564
5917
5295
4397
2446
3824
6478
8010
6031
7490
4969
3807
6150
4931
1058
8050
1188
6576
9795
8723
6663
5007
3316
6405
3846
3650
3530
1307
2377
288
4633
1098
3502
9954
3842
426
5881
7247
9593
8087
9281
4539
1192
7641
8895
6131
7360
3539
2523
5510
8575
586
9821
3169
7729
8283
7365
2380
318
2709
7535
3355
2473
4728
3977
9037
5750
9335
9495
2608
8168
7316
6214
7598
1693
5454
5626
5087
5931
7726
3700
3718
6029
5987
7294
2522
8806
7211
88
8684
5775
5452
2309
8571
2668
3949
1851
254
3269
9508
5241
8269
5565
326
3506
9562
7086
651
7275
4423
1514
5997
4505
6450
2506
9525
6689
2928
6697
4227
5525
9062
2861
3304
5170
7817
6604
1116
4837
9083
1486
7069
4146
292
6159
7893
5566
6958
3867
623
3542
4846
7850
2665
4162
3356
6365
2700
9705
8099
8213
4315
2948
547
5789
9972
5861
9205
6613
4587
2680
755
6807
6644
9849
1357
7691
3276
5320
7203
4998
8047
9082
1152
8300
1560
8758
1233
7774
7591
6825
5578
9386
2802
9733
9366
7620
9771
9073
7027
1007
4433
222
2412
1960
7844
3765
7730
4668
3701
3331
5133
4115
6942
591
2490
3208
2299
7258
5989
6577
594
7190
8556
1176
5162
832
1079
3020
3082
2670
6099
4229
4717
1701
8975
4040
691
8181
1484
3888
1255
3211
6049
4843
8094
838
910
6084
2761
7881
3954
3783
989
7699
4445
7050
2855
1178
1219
3923
6914
6135
2042
2062
5926
719
5442
5692
5132
5345
1292
1351
5207
1991
5363
9334
1234
8797
4779
4727
1908
7474
8490
9272
365
51
1841
6184
3922
5694
5804
6074
8818
9566
7201
8850
5014
6209
1658
6951
1538
1042
1473
8183
392
5892
1052
9363
9734
4773
8037
1887
6771
2747
8644
4961
2578
3470
2450
9613
884
6799
1636
672
2163
1239
6208
6523
1976
9679
5463
506
4127
3337
9514
1006
3567
7975
35
1869
6458
7721
2221
8613
886
7062
2775
6252
437
1321
4419
2916
3100
5810
1417
6750
2831
6827
7236
1798
6371
6130
2644
6269
1259
6649
3913
1760
1401
8753
4408
2539
9174
3200
912
5080
4786
3747
9293
6186
3481
2519
6828
9865
8198
8561
4223
8155
6506
5392
5435
8192
2482
7129
5812
7561
7406
4105
7243
8629
8782
3952
8112
6053
1447
927
6551
5147
9100
1038
1648
904
2076
3616
8059
459
600
8357
9977
3668
1460
5816
6398
6292
9970
7195
4311
967
4665
612
7185
4089
4521
7852
6635
139
976
1276
5960
8953
149
5970
3443
3441
5847
1766
9917
4441
9661
678
8656
2110
1523
7068
9715
381
4708
6072
6018
5194
2404
4006
7412
4907
299
9838
1025
9616
1017
828
9669
4336
3980
1537
8998
3173
7509
5036
4404
7013
1316
7112
7606
1694
7733
1715
5809
1342
5667
3554
4234
100
4407
4152
7240
147
494
9253
2342
4731
1519
3445
3255
448
6386
6891
2663
296
2671
9609
8542
8398
4526
3856
6724
6172
9319
5576
8341
3248
7092
813
8018
9999
118
9333
3862
4218
1507
7454
1988
9137
7327
7548
8827
3323
9676
5030
9936
2339
3040
7204
6050
6389
7338
6526
124
2363
9507
7386
9013
491
7061
7823
9602
7828
8848
950
6830
5206
5645
7285
4432
340
6537
8569
7008
7198
1844
9179
1039
4560
489
847
5251
4950
5937
9332
9900
6176
8361
5479
7348
1718
4166
2089
585
9380
7676
3145
4778
693
7957
9490
7259
5364
3103
8354
9078
5409
2429
2564
2600
3894
6030
7824
1164
9032
1293
6774
6169
3848
2941
1322
1838
4190
1356
576
8407
5828
5292
3656
6232
7139
8148
6330
4469
1903
7078
6377
9505
7314
8826
5099
2872
4854
9844
8124
90
2857
2878
4848
7374
592
6929
2808
8488
8637
3880
9066
4482
7196
5670
3058
9200
5335
1303
3687
4908
4885
8776
3421
7077
6932
3708
579
5234
844
4910
7457
197
117
1332
4893
830
3453
1748
4558
9608
8851
9284
9717
2169
6534
7792
2598
9634
3457
2481
3478
8135
6396
1310
1353
6747
9601
3001
6884
9853
1421
7250
9798
8286
69
1677
1002
1122
6593
9860
9749
6837
1738
2945
5550
720
1129
4580
531
3022
1180
5820
8804
7368
4740
3266
6058
140
4406
5018
8810
1610
9476
8952
6786
597
1690
8667
1130
6900
1241
8016
6303
8959
5737
8365
8401
4109
1441
8270
8919
4129
4638
8965
8905
7371
6432
9502
3406
9289
4216
9010
1524
2351
6157
7969
8689
8441
4973
7942
8339
6822
9555
5579
9922
4635
574
9585
2590
2658
7754
2486
1584
3048
5105
4175
281
2724
9950
3011
4098
9877
794
5467
975
5697
4901
3467
314
2520
387
7184
2238
9819
1163
6083
4364
7337
1231
7095
3346
3834
8694
7590
3886
2200
6875
9369
9270
301
9651
4543
3291
1043
5382
780
7411
4628
4395
1678
6962
3439
2174
4669
7019
2359
7929
1776
4971
6873
4424
8596
2066
1515
8808
6865
8274
6028
6804
3213
429
5583
9805
3473
1366
501
4271
8369
5880
7888
2335
2521
9420
7359
452
9017
7417
4937
7825
9022
7695
2575
2345
5314
9485
7309
60
2833
4084
2828
7803
8623
8614
7436
5093
7049
6679
1175
1885
6336
4068
3124
5309
2852
1083
6392
7998
908
2188
6294
58
5616
4967
2261
1656
1619
3756
6892
336
6554
9509
1782
2543
7631
656
3906
5377
5539
134
5322
6639
4608
7270
2086
6277
5571
4134
854
5057
3349
5990
4363
40
1346
3611
383
8771
8302
696
4826
7630
2763
1498
7214
5352
7653
4711
932
9375
6800
1972
6220
5088
5779
5411
9170
1174
6241
5365
1922
8515
1852
1247
7693
4061
2322
6094
3066
5606
2949
5043
911
2449
5621
2268
4811
577
9532
7266
9134
1251
5337
9150
5276
3083
2689
9625
7330
8129
1410
1290
979
2981
921
8781
5637
4099
6805
158
6362
2373
6281
581
2881
954
8200
5759
8933
9791
3804
3188
9465
9
1990
3479
9658
4942
8039
5945
2654
7237
8282
9788
6502
4842
3420
3788
473
5530
486
6850
3461
4057
2014
4156
9617
9604
4951
4334
3553
3366
5103
1544
3341
3770
7971
3288
1207
8408
7347
4379
9494
5755
291
3725
2248
7804
3452
6637
9155
1381
5527
5528
6380
1630
4079
736
1864
2179
5120
7681
739
5378
7166
7739
8658
8078
9926
4307
331
9467
4726
557
121
8834
7574
6746
6854
6790
2127
3826
9087
3601
4333
5726
9758
5684
1491
1089
5863
8036
8444
9707
1643
2795
9818
4803
6337
2955
284
7857
5679
3592
9346
7553
2070
7945
1280
6086
2157
7502
5957
487
1111
2591
306
5006
6248
8288
6682
213
2128
1714
8657
3117
4900
72
7208
6568
7291
2341
4687
3198
3156
5757
5280
2396
8311
4873
5611
5557
3805
6589
517
430
6161
1800
6008
4838
8557
9573
5341
7777
9825
6715
2913
9442
3926
1583
7802
6705
8873
2222
4817
8838
8328
8387
1426
8193
8462
2570
9830
2925
1402
4393
8319
6182
2101
7168
6560
119
1335
2240
999
5032
3002
7456
8891
2308
3919
2559
5671
8679
1081
4853
5889
3955
1183
1288
8322
7154
8376
9561
4545
2063
4976
4692
1982
6606
3306
4489
4488
8972
2223
7744
6673
8759
1054
4782
8530
2646
3113
3934
8752
582
2912
4298
5085
6525
9834
1094
2906
6596
985
5026
2847
3748
8784
1986
984
2903
1168
6044
3210
9264
1354
890
4955
1695
6433
9808
3535
5385
5484
2080
2745
2375
9881
4104
7022
8414
990
7761
7873
4454
2432
4756
1489
279
8670
4783
7660
8948
7074
7752
6877
861
4328
243
894
2280
9435
6519
2024
153
260
2686
6646
4622
3391
2781
9003
316
8866
2800
1821
538
3865
5496
533
2462
1144
5422
9548
4723
8599
2459
9800
4855
4730
3575
7966
3242
3662
6001
1197
6261
6231
9198
1397
3161
83
43
9967
6558
3642
3972
1208
6737
9356
3860
5458
5631
6449
3751
4745
2329
4313
3833
6624
2994
9427
5529
1009
7366
4369
2365
5333
9278
2774
8893
537
5296
5319
6583
6819
7925
2976
484
4917
5155
4573
3728
1249
9919
1809
1744
3121
9603
3752
6597
9914
2389
5792
1785
6906
4542
1403
5511
7246
3432
1811
3075
1836
4281
5
2244
6430
166
5870
4518
7491
9365
9169
1919
4078
7155
7355
6723
4226
1478
9475
9690
9591
7191
5717
5912
6227
8923
6381
2458
9746
8024
1723
3047
2501
1140
359
1860
2807
5114
8162
9202
7614
2051
2655
7545
7216
5209
111
9754
733
7917
5118
2776
8371
4467
6849
2993
9248
4386
4353
6997
4664
5837
2291
3392
8929
3415
9061
4418
1567
6266
4209
7020
7717
2134
6524
2752
9841
4909
4774
6358
1073
2704
1222
2607
9672
6686
7162
9163
1479
3114
9654
6897
5687
639
1148
1854
2536
9621
6508
9755
6092
5055
8961
6847
4005
3347
8312
1139
9902
7799
3958
4748
5416
7510
7272
8190
9879
8044
4671
5288
3447
7479
8455
6409
7978
4755
4827
8008
5696
6546
3308
6530
4359
89
4041
521
3192
3165
5394
9569
4546
4742
4036
2096
9831
4709
4618
8209
300
9500
6310
6470
5995
329
5478
4985
8897
7505
5179
2813
1843
2947
3041
1120
7573
6101
348
4520
627
5427
2958
1865
4339
5342
5186
518
8591
9474
9006
2247
1143
6861
5674
2688
4090
1396
670
8821
3435
8246
3595
7364
7030
9236
6826
6082
6522
1806
8755
5490
4493
2685
8178
3735
8109
5078
5718
5316
4527
3374
802
5214
9439
9966
7813
3800
4554
6692
5429
5920
7796
3994
4765
2474
1011
9947
4498
1232
1124
9252
3294
5973
315
922
6236
1575
965
4874
5495
6912
8360
9081
8457
7716
8521
8780
3500
8747
5438
9357
1347
7531
9470
925
822
1649
4598
540
1655
9409
8817
4978
3185
6384
1867
3244
8293
3460
2622
8894
8315
5975
2868
8070
6752
2117
7248
9255
2161
